.Random.seed <-
c(403L, 531L, -1776132617L, 1119408176L, -1297911991L, -633114689L, 
2017767336L, 1556923631L, 859544204L, -56913347L, 1791522213L, 
-1947152049L, -2145848026L, 722693959L, 51328252L, 1154760353L, 
399651169L, -1400228806L, -1507889499L, -1215813374L, 440277435L, 
-305359825L, -1921581671L, 1724163867L, 1366024181L, 1737406800L, 
1514047528L, 139486078L, 1556518287L, -1708537603L, 1134810632L, 
957938606L, 1556707362L, -1615112076L, -1920318932L, 1838575591L, 
-1651130167L, 1969694909L, 1349870803L, 319270219L, 464339026L, 
852221795L, -1753150498L, 1364263648L, -2135663865L, 1179782031L, 
509381334L, -489191784L, -980103177L, 774381277L, -1505607649L, 
-273170530L, -243251033L, 1115422076L, 1349086280L, 634405797L, 
-178148019L, 1582791078L, 263524648L, 2099258650L, 990452056L, 
-1779188501L, -574412577L, -1210958129L, -1473401564L, -529095001L, 
-1833663670L, -2119660236L, 509620280L, 935910639L, -418657695L, 
-28183799L, -875472925L, -1772236276L, 185492500L, 305754134L, 
1611911058L, 1887419580L, 1885839788L, 1121376648L, -1014610827L, 
-2066972886L, -1032004243L, 2108153362L, -1230614621L, 1145998325L, 
1762790048L, 2051322214L, -1168694993L, -2108284231L, -1294180771L, 
-776282087L, 9734860L, -930761720L, -1638605372L, -920332067L, 
704250440L, -1573145926L, -1455617697L, 2033348384L, 1991955350L, 
535738760L, 191963626L, -1694439408L, -1703226306L, -2021399496L, 
-183867272L, 970630481L, 399002751L, -533851788L, 2021213592L, 
1995319107L, 1736282779L, 1535411749L, 1081252618L, 1644695189L, 
670061413L, -784106090L, -2089845031L, 25515865L, 618238325L, 
-1810460446L, -1347045880L, -217413482L, 479565126L, -1421683692L, 
613317503L, 1025111956L, 1943179675L, 312766967L, 706122175L, 
-157625725L, 433229204L, -662154202L, 1066320287L, 2002486175L, 
-1067487754L, -1980298821L, -1530472245L, 17800952L, 1023456793L, 
1373209569L, 163048708L, 811897998L, 1324632220L, -104408583L, 
1414278381L, -1784623369L, 474399443L, -690153878L, 2034804165L, 
1910344911L, 1026614884L, -110979038L, 914873772L, -960988814L, 
433644285L, -596350175L, -1919196707L, 1589845268L, -583295066L, 
-141754836L, 273886982L, -669926526L, -1713880693L, -166493784L, 
1134756638L, -137405696L, 559782117L, -677852583L, 560077408L, 
1879951742L, -266475146L, -155383381L, 1908228797L, -143305804L, 
637307669L, -1402788699L, -304030353L, -1974274224L, 1623888175L, 
850611743L, -460645089L, 116133768L, 1426483650L, 84272893L, 
-1069263960L, -814498705L, -394808559L, 1205920667L, 1201096595L, 
-1484440524L, -1153978966L, -556848553L, 1759476120L, -1784086124L, 
1920312900L, 1778768137L, -940677027L, 1129422016L, 1391847419L, 
-385704379L, 2122297513L, -259349726L, -1225084545L, 1227678706L, 
-324878318L, 1118549362L, -1542094989L, -363820559L, -1571205041L, 
716450465L, -2065572552L, -552014516L, -1813317176L, -1776763784L, 
1693676066L, 1732059395L, 555132024L, -308472125L, -630817641L, 
-622579545L, 1612509048L, -2077046458L, -1160807492L, 1559700580L, 
-278157001L, 1283145305L, 165405852L, -2018480253L, 437247332L, 
-1704371531L, 1517587747L, 1502704883L, -31096936L, -906130777L, 
-267809296L, -1572642621L, 1982190166L, 999503914L, 11811500L, 
1991393245L, 306488097L, -710926714L, 649864754L, -1592895248L, 
-736026983L, 201975511L, -1643131058L, 149911782L, -51696390L, 
660815923L, 1268363426L, -1578290799L, -1645509619L, 1680152770L, 
311510044L, -32546797L, 1941348022L, -1612077403L, 2103710363L, 
1420295120L, -327653407L, 488166177L, -678482981L, -629360992L, 
-996673259L, -1906322558L, -1839939492L, -1700689612L, -1649778532L, 
-2094863281L, 994010847L, -694559605L, 1905546742L, 138758659L, 
-2038565880L, 1770910167L, 1483433870L, 1691359103L, -1471335175L, 
971960809L, -644877627L, -1257880138L, 972988429L, -1178332141L, 
901175770L, -707642172L, 1135654016L, -1542583491L, -1141691828L, 
903028048L, 1146428929L, 1710915458L, -571079256L, -941968943L, 
-2106100641L, 1734648235L, -448074890L, 342475653L, -30066969L, 
-999663430L, 1088128858L, -634981609L, 1808860310L, -819550604L, 
-1456804611L, 362491626L, 1207766059L, 1982500798L, 35709926L, 
-1169893221L, 1734920687L, -2081509987L, -837301936L, -1071342836L, 
2079662405L, -81830512L, -1692051959L, 308510468L, -357246989L, 
-536687827L, 1865738370L, 1594801363L, 1219556853L, 1908373608L, 
-1174871412L, 1734966044L, 2084874397L, 594767946L, -1328809106L, 
-2132812217L, -1414076975L, -207824595L, 1857925068L, -2136594831L, 
-324034711L, -642190066L, -1823129560L, -925465209L, -536471815L, 
-1958710918L, -48023091L, -1009611507L, 1797442555L, 750946315L, 
996338384L, 562468577L, 1266370125L, 169316003L, 1855708563L, 
1782887091L, -2117969089L, -1789344259L, -1658298452L, -1336740779L, 
1502142321L, 890377074L, -62220093L, -1167514082L, -17004552L, 
1130884712L, 1980067158L, -2029724027L, -184518336L, 1834740526L, 
745205590L, 259030273L, -547002846L, -160335L, 703905417L, -960354561L, 
1091909152L, 1608982976L, -1207809732L, 778667583L, 49382634L, 
1031320437L, -188110773L, 1730593943L, 529501393L, 1916491622L, 
-883271267L, -325317120L, -714597644L, 254488330L, -670322604L, 
-2009339338L, -1676207457L, -1982131843L, -174528137L, 2077609748L, 
1848693254L, 1185509264L, 155460536L, 1136620648L, 1458424275L, 
593476555L, 567356345L, 899132242L, 829087073L, 1909559342L, 
-1123589989L, -1662231458L, 1031459033L, 172580662L, -1492140053L, 
509011590L, -860456580L, -1453210125L, -1120759199L, -1607520282L, 
1395020521L, 1437887029L, -686208156L, 733140369L, -210755850L, 
416994392L, 555431168L, -1774110048L, 2060365107L, 1934624989L, 
913021247L, -192588042L, -1632591817L, 215222126L, 148472250L, 
-160858912L, 1226121516L, -1707939684L, -1011820406L, 2012452870L, 
-543747701L, 44427520L, 686148621L, 1093707820L, 1842119678L, 
-349972148L, -1550479598L, -814338421L, -848086429L, -1315233792L, 
-791058043L, 617666424L, 1081300339L, 749257651L, 1432565874L, 
983545392L, 1221087703L, -1759577981L, -253024263L, -2073657040L, 
1705515977L, 505622983L, 608314261L, -1078382225L, -2048895004L, 
-575683576L, 2099769723L, -1792511962L, -1389008961L, -1960919635L, 
1153534610L, 1100132321L, 921485495L, 2017504819L, 494058758L, 
-1528240495L, 255700627L, 1261541213L, 438914979L, -509117329L, 
1434779865L, 949305238L, 1427543281L, -610855070L, -1251722443L, 
408569276L, 1385604113L, -1640342991L, 73581361L, 386346245L, 
938334169L, 674545925L, 2004405936L, 805963308L, -2024310221L, 
-537775380L, 1832754754L, -1927264779L, 1085672979L, 1260237296L, 
-6799236L, 1212444101L, -1697441545L, 804239006L, -1629459254L, 
2337633L, -1096214155L, -1342798739L, 65293391L, -637062421L, 
1778865126L, -560844353L, 68499821L, -1417483349L, -988254023L, 
-1339421019L, 100459123L, -1786275239L, 368979894L, 941946597L, 
-60320851L, -1781211663L, 1121385116L, 728800221L, 1016221655L, 
1842860169L, -222662036L, 733080615L, 1656012822L, 291598277L, 
1129971248L, -143048878L, 1111780328L, -1575353064L, -345211224L, 
-255252402L, 1713847516L, -1200150290L, -648164686L, 1197553164L, 
1002134468L, 1548896052L, -78130339L, -1578777631L, -268672855L, 
1266357204L, -1331872343L, -1662536524L, 1972526079L, -224581926L, 
-2087034718L, 1507269024L, 1907331662L, 19073912L, -181643909L, 
-824643825L, 1536156735L, 1018995283L, -1043573830L, -349981566L, 
1162536124L, -1355535138L, 2078434457L, -1641797494L, 1573205477L, 
-1448949932L, 1636656792L, -2011391838L, -2127647502L, 1771661085L, 
-1539149814L, -1207907987L, 48687188L, -678929894L, 1379529433L, 
45362305L, 1363443616L, 884250294L, 1728236129L, -1078810749L, 
1877954228L, 1410987118L, -999181392L, -1566369309L, 155650832L, 
-322942993L, 630135269L, -1580571318L, -1398817991L, -1557275392L, 
1744692760L, -826759942L, 1231134279L, -713990270L, -1897173205L, 
902610051L, -1916188050L, -1465527128L, -1365329850L, -1090222341L, 
-1596873224L, -979821532L, 49628740L, 1579885853L, -810373006L, 
-193153082L, -961515434L, 962583971L, 1506077213L, 2031762322L, 
